,giorno,ndosi,second_doses,stock_values
1,1,0,0.0,0.0
2,2,0,0.0,0.0
3,3,0,0.0,0.0
4,4,9999669,0.0,9999669.0
5,5,0,0.0,1137.0
6,6,0,0.0,1137.0
7,7,9998516,0.0,9999653.0
8,8,0,0.0,9999653.0
9,9,0,0.0,9999653.0
10,10,0,0.0,0.0
11,11,0,0.0,0.0
12,12,0,0.0,0.0
13,13,0,0.0,0.0
14,14,0,0.0,0.0
15,15,0,0.0,0.0
16,16,0,0.0,0.0
17,17,0,0.0,0.0
18,18,0,0.0,0.0
19,19,10001433,0.0,10001433.0
20,20,0,0.0,9997903.0
21,21,0,0.0,9997903.0
22,22,0,0.0,9997903.0
23,23,0,0.0,0.0
24,24,0,0.0,0.0
25,25,0,0.0,0.0
26,26,9998532,9998532.0,0.0
27,27,0,0.0,0.0
28,28,0,0.0,0.0
29,29,9999704,0.0,0.0
30,30,0,0.0,0.0
31,31,9999760,9999653.0,0.0
32,32,0,0.0,0.0
33,33,9997954,0.0,0.0
34,34,0,0.0,0.0
35,35,0,0.0,0.0
36,36,0,0.0,0.0
37,37,0,0.0,0.0
38,38,0,0.0,0.0
39,39,0,0.0,0.0
40,40,0,0.0,0.0
41,41,9999422,3530.0,0.0
42,42,0,0.0,0.0
43,43,0,0.0,0.0
44,44,10002353,9997903.0,0.0
45,45,9995034,0.0,0.0
46,46,9998141,0.0,9995737.0
47,47,0,0.0,9995737.0
48,48,0,0.0,9995737.0
49,49,10002028,0.0,19997765.0
50,50,0,9999704.0,9998061.0
51,51,0,0.0,9998061.0
52,52,0,107.0,9997954.0
53,53,0,0.0,9997954.0
54,54,0,9997954.0,0.0
55,55,0,0.0,0.0
56,56,0,0.0,0.0
57,57,0,0.0,0.0
58,58,9998045,0.0,0.0
59,59,0,0.0,0.0
60,60,9996178,0.0,9995892.0
61,61,0,0.0,9995892.0
62,62,0,9995892.0,0.0
63,63,0,0.0,0.0
64,64,0,0.0,0.0
65,65,10001888,4450.0,9997438.0
66,66,0,9995034.0,2404.0
67,67,0,2404.0,0.0
68,68,0,0.0,0.0
69,69,0,0.0,0.0
70,70,0,0.0,0.0
71,71,0,0.0,0.0
72,72,0,0.0,0.0
73,73,0,0.0,0.0
74,74,0,0.0,0.0
75,75,0,0.0,0.0
76,76,0,0.0,0.0
77,77,0,0.0,0.0
78,78,0,0.0,0.0
79,79,10000982,9998045.0,286.0
80,80,0,0.0,286.0
81,81,0,286.0,0.0
82,82,0,0.0,0.0
83,83,0,0.0,0.0
84,84,0,0.0,0.0
85,85,10002052,0.0,10002052.0
86,86,0,0.0,10002052.0
87,87,0,0.0,10002052.0
88,88,0,0.0,2173.0
89,89,0,0.0,0.0
90,90,10004338,0.0,4990042.0
91,91,10003595,0.0,14993637.0
92,92,0,0.0,14993637.0
93,93,0,0.0,5006085.0
94,94,0,0.0,5006085.0
95,95,0,0.0,0.0
96,96,0,0.0,0.0
97,97,0,0.0,0.0
98,98,10004051,0.0,5012096.0
99,99,0,0.0,5012096.0
100,100,0,2651.0,5009445.0
101,101,0,0.0,5009445.0
102,102,0,0.0,5009445.0
103,103,0,0.0,0.0
104,104,0,0.0,0.0
105,105,0,0.0,0.0
106,106,0,0.0,0.0
107,107,0,0.0,0.0
108,108,10000797,0.0,0.0
109,109,9999879,9999879.0,0.0
110,110,10001723,2173.0,5014296.0
111,111,0,5014296.0,0.0
112,112,0,0.0,0.0
113,113,0,0.0,0.0
114,114,9998996,9987552.0,0.0
115,115,0,0.0,0.0
116,116,9998040,5006085.0,4991955.0
117,117,0,0.0,4991955.0
118,118,0,0.0,4991955.0
119,119,0,4991955.0,0.0
120,120,0,0.0,0.0
121,121,0,0.0,0.0
122,122,0,0.0,0.0
123,123,0,0.0,0.0
124,124,9997469,5009445.0,4988024.0
125,125,0,0.0,4988024.0
126,126,0,0.0,4988024.0
127,127,0,0.0,4988024.0
128,128,0,0.0,4988024.0
129,129,9998027,10000797.0,4985254.0
130,130,0,0.0,4985254.0
131,131,0,4985254.0,0.0
132,132,0,0.0,0.0
133,133,9995984,0.0,9995984.0
134,134,0,0.0,9995984.0
135,135,0,11444.0,9984540.0
136,136,0,0.0,9984540.0
137,137,0,0.0,9984540.0
138,138,0,0.0,9984540.0
139,139,10000902,0.0,19985442.0
140,140,0,0.0,19985442.0
141,141,0,0.0,19985442.0
142,142,9998727,0.0,29984169.0
143,143,0,0.0,29984169.0
144,144,0,0.0,29984169.0
145,145,0,0.0,29984169.0
146,146,0,0.0,29984169.0
147,147,0,0.0,29984169.0
148,148,0,0.0,29984169.0
149,149,0,0.0,29984169.0
150,150,0,0.0,29984169.0
151,151,0,0.0,29984169.0
152,152,0,0.0,19987637.0
153,153,0,0.0,9995834.0
154,154,0,0.0,9995834.0
155,155,0,0.0,9995834.0
156,156,0,0.0,9995834.0
157,157,0,0.0,9995834.0
158,158,0,0.0,9995834.0
159,159,0,0.0,0.0
160,160,0,0.0,0.0
161,161,0,0.0,0.0
162,162,0,0.0,0.0
163,163,0,0.0,0.0
164,164,0,0.0,0.0
165,165,0,0.0,0.0
166,166,0,0.0,0.0
167,167,0,0.0,0.0
168,168,0,0.0,0.0
169,169,0,0.0,0.0
170,170,0,0.0,0.0
171,171,0,0.0,0.0
172,172,0,0.0,0.0
173,173,9996532,9996532.0,0.0
174,174,9991803,9991803.0,0.0
175,175,0,0.0,0.0
176,176,0,0.0,0.0
177,177,0,0.0,0.0
178,178,0,0.0,0.0
179,179,0,0.0,0.0
180,180,9995834,9995834.0,0.0
