,giorno,ndosi,second_doses,stock_values
1,1,0,0.0,0.0
2,2,0,0.0,0.0
3,3,0,0.0,0.0
4,4,0,0.0,0.0
5,5,0,0.0,0.0
6,6,0,0.0,0.0
7,7,0,0.0,0.0
8,8,0,0.0,0.0
9,9,0,0.0,0.0
10,10,9997789,0.0,5000517.5
11,11,0,0.0,5000517.5
12,12,0,0.0,0.0
13,13,0,0.0,0.0
14,14,0,0.0,0.0
15,15,0,0.0,0.0
16,16,0,0.0,0.0
17,17,0,0.0,0.0
18,18,0,0.0,0.0
19,19,0,0.0,0.0
20,20,0,0.0,0.0
21,21,0,0.0,0.0
22,22,0,0.0,0.0
23,23,0,0.0,0.0
24,24,0,0.0,0.0
25,25,0,0.0,0.0
26,26,10003188,0.0,0.0
27,27,9996013,0.0,4997271.5
28,28,0,0.0,4997271.5
29,29,0,0.0,4997271.5
30,30,0,0.0,4997271.5
31,31,0,4997271.5,0.0
32,32,0,0.0,0.0
33,33,10001762,5000517.5,5001244.5
34,34,0,0.0,5001244.5
35,35,0,0.0,5001244.5
36,36,0,0.0,5001244.5
37,37,0,0.0,5001244.5
38,38,0,0.0,5001244.5
39,39,0,0.0,5001244.5
40,40,0,0.0,5001244.5
41,41,0,0.0,5001244.5
42,42,0,0.0,5001244.5
43,43,0,0.0,5001244.5
44,44,0,0.0,5001244.5
45,45,0,0.0,5001244.5
46,46,0,0.0,5001244.5
47,47,10000685,10003188.0,4998741.5
48,48,0,4998741.5,0.0
49,49,0,0.0,0.0
50,50,0,0.0,0.0
51,51,0,0.0,0.0
52,52,0,0.0,0.0
53,53,0,0.0,0.0
54,54,0,0.0,0.0
55,55,0,0.0,0.0
56,56,0,0.0,0.0
57,57,0,0.0,0.0
58,58,0,0.0,0.0
59,59,0,0.0,0.0
60,60,0,0.0,0.0
61,61,0,0.0,0.0
62,62,0,0.0,0.0
63,63,0,0.0,0.0
64,64,0,0.0,0.0
65,65,0,0.0,0.0
66,66,0,0.0,0.0
67,67,0,0.0,0.0
68,68,0,0.0,0.0
69,69,0,0.0,0.0
70,70,9998119,0.0,0.0
71,71,0,0.0,0.0
72,72,0,0.0,0.0
73,73,0,0.0,0.0
74,74,0,0.0,0.0
75,75,0,0.0,0.0
76,76,10002209,0.0,9999135.0
77,77,0,0.0,9999135.0
78,78,0,0.0,9999135.0
79,79,0,0.0,229.0
80,80,0,0.0,229.0
81,81,10005856,0.0,0.0
82,82,0,0.0,0.0
83,83,9999421,0.0,9999421.0
84,84,0,0.0,9999421.0
85,85,0,0.0,9999421.0
86,86,0,0.0,9999421.0
87,87,0,0.0,9999421.0
88,88,0,0.0,9999421.0
89,89,0,0.0,9994652.0
90,90,9999664,0.0,19994316.0
91,91,0,9998119.0,9996197.0
92,92,0,0.0,0.0
93,93,10000479,0.0,10000479.0
94,94,0,0.0,10000479.0
95,95,0,0.0,10000479.0
96,96,0,0.0,3074.0
97,97,0,3074.0,0.0
98,98,0,0.0,0.0
99,99,0,0.0,0.0
100,100,10004134,9998906.0,0.0
101,101,0,0.0,0.0
102,102,10006085,10006085.0,0.0
103,103,0,0.0,0.0
104,104,0,0.0,0.0
105,105,0,0.0,0.0
106,106,0,0.0,0.0
107,107,0,0.0,0.0
108,108,0,0.0,0.0
109,109,0,0.0,0.0
110,110,10002402,4769.0,0.0
111,111,0,0.0,0.0
112,112,0,0.0,0.0
113,113,9996197,9996197.0,0.0
114,114,0,0.0,0.0
115,115,0,0.0,0.0
116,116,0,0.0,0.0
117,117,10000037,9997405.0,0.0
118,118,9996022,0.0,0.0
119,119,9999176,0.0,9999176.0
120,120,0,0.0,9999176.0
121,121,0,5228.0,9993948.0
122,122,0,0.0,9993948.0
123,123,0,0.0,9993948.0
124,124,0,0.0,0.0
125,125,10004414,0.0,9993650.0
126,126,10004641,0.0,19998291.0
127,127,0,0.0,19998291.0
128,128,0,0.0,19998291.0
129,129,0,0.0,19998291.0
130,130,0,0.0,19998291.0
131,131,0,9997633.0,10000658.0
132,132,0,0.0,10000658.0
133,133,0,0.0,10000658.0
134,134,0,0.0,10000658.0
135,135,0,0.0,10000658.0
136,136,0,0.0,9998654.0
137,137,0,0.0,9998654.0
138,138,0,2632.0,9996022.0
139,139,0,9996022.0,0.0
140,140,0,0.0,0.0
141,141,0,0.0,0.0
142,142,0,0.0,0.0
143,143,0,0.0,0.0
144,144,0,0.0,0.0
145,145,10004712,9993948.0,10764.0
146,146,0,10764.0,0.0
147,147,0,0.0,0.0
148,148,0,0.0,0.0
149,149,0,0.0,0.0
150,150,0,0.0,0.0
151,151,10001274,0.0,0.0
152,152,0,0.0,0.0
153,153,0,0.0,0.0
154,154,0,0.0,0.0
155,155,0,0.0,0.0
156,156,0,0.0,0.0
157,157,10003263,2004.0,0.0
158,158,0,0.0,0.0
159,159,0,0.0,0.0
160,160,0,0.0,0.0
161,161,0,0.0,0.0
162,162,0,0.0,0.0
163,163,0,0.0,0.0
164,164,0,0.0,0.0
165,165,0,0.0,0.0
166,166,0,0.0,0.0
167,167,0,0.0,0.0
168,168,0,0.0,0.0
169,169,0,0.0,0.0
170,170,10008201,0.0,10008201.0
171,171,0,0.0,10008201.0
172,172,0,10001274.0,6927.0
173,173,0,0.0,6927.0
174,174,0,0.0,6927.0
175,175,9994332,0.0,10001259.0
176,176,0,0.0,10001259.0
177,177,0,0.0,10001259.0
178,178,0,10001259.0,0.0
179,179,0,0.0,0.0
180,180,0,0.0,0.0
