,giorno,ndosi,second_doses,stock_values
1,1,0,0.0,0.0
2,2,0,0.0,0.0
3,3,0,0.0,0.0
4,4,0,0.0,0.0
5,5,0,0.0,0.0
6,6,0,0.0,0.0
7,7,0,0.0,0.0
8,8,0,0.0,0.0
9,9,0,0.0,0.0
10,10,0,0.0,0.0
11,11,10002844,0.0,0.0
12,12,0,0.0,0.0
13,13,9995827,0.0,0.0
14,14,0,0.0,0.0
15,15,0,0.0,0.0
16,16,0,0.0,0.0
17,17,0,0.0,0.0
18,18,10001140,0.0,10001140.0
19,19,10002313,0.0,20003453.0
20,20,0,0.0,20003453.0
21,21,0,0.0,20003453.0
22,22,0,0.0,20003453.0
23,23,0,0.0,20003453.0
24,24,0,0.0,20003157.0
25,25,0,0.0,20003157.0
26,26,0,0.0,20003157.0
27,27,0,0.0,20003157.0
28,28,0,0.0,20003157.0
29,29,0,0.0,20003157.0
30,30,0,0.0,20003157.0
31,31,0,0.0,19998671.0
32,32,0,10002844.0,9995827.0
33,33,0,0.0,9995827.0
34,34,0,9995827.0,0.0
35,35,9997094,0.0,9997094.0
36,36,0,0.0,9997094.0
37,37,0,0.0,0.0
38,38,0,0.0,0.0
39,39,0,0.0,0.0
40,40,0,0.0,0.0
41,41,0,0.0,0.0
42,42,0,0.0,0.0
43,43,0,0.0,0.0
44,44,0,0.0,0.0
45,45,9998440,296.0,0.0
46,46,0,0.0,0.0
47,47,0,0.0,0.0
48,48,0,0.0,0.0
49,49,0,0.0,0.0
50,50,0,0.0,0.0
51,51,0,0.0,0.0
52,52,9995585,4486.0,0.0
53,53,0,0.0,0.0
54,54,0,0.0,0.0
55,55,0,0.0,0.0
56,56,0,0.0,0.0
57,57,0,0.0,0.0
58,58,10006414,9997094.0,0.0
59,59,0,0.0,0.0
60,60,0,0.0,0.0
61,61,9996426,0.0,9996426.0
62,62,0,0.0,9996426.0
63,63,9998563,0.0,9998144.0
64,64,0,0.0,9998144.0
65,65,0,0.0,9998144.0
66,66,0,9998144.0,0.0
67,67,0,0.0,0.0
68,68,10000419,0.0,10000419.0
69,69,0,0.0,10000419.0
70,70,0,0.0,10000419.0
71,71,0,0.0,10000419.0
72,72,0,0.0,10000419.0
73,73,0,9991099.0,9320.0
74,74,0,0.0,9320.0
75,75,0,0.0,9320.0
76,76,0,0.0,9320.0
77,77,0,0.0,9320.0
78,78,0,0.0,9320.0
79,79,0,9320.0,0.0
80,80,0,0.0,0.0
81,81,0,0.0,0.0
82,82,0,0.0,0.0
83,83,0,0.0,0.0
84,84,9999727,9996845.0,2882.0
85,85,0,0.0,0.0
86,86,0,0.0,0.0
87,87,0,0.0,0.0
88,88,0,0.0,0.0
89,89,0,0.0,0.0
90,90,0,0.0,0.0
91,91,0,0.0,0.0
92,92,0,0.0,0.0
93,93,0,0.0,0.0
94,94,0,0.0,0.0
95,95,0,0.0,0.0
96,96,0,0.0,0.0
97,97,10002279,0.0,0.0
98,98,10000079,0.0,0.0
99,99,0,0.0,0.0
100,100,0,0.0,0.0
101,101,10001097,0.0,0.0
102,102,9998811,0.0,4999439.5
103,103,0,0.0,4999439.5
104,104,0,0.0,4999439.5
105,105,0,0.0,0.0
106,106,9998976,2882.0,4998852.5
107,107,0,0.0,4998852.5
108,108,0,0.0,4998852.5
109,109,0,0.0,4998852.5
110,110,0,0.0,4998852.5
111,111,0,0.0,4998852.5
112,112,0,0.0,4998852.5
113,113,0,0.0,4998852.5
114,114,9998742,0.0,14997594.5
115,115,0,0.0,14997594.5
116,116,0,0.0,14997594.5
117,117,10003944,0.0,25001538.5
118,118,0,10002279.0,14999259.5
119,119,0,10000079.0,4999180.5
120,120,0,0.0,4999180.5
121,121,0,0.0,4999180.5
122,122,10001288,10001097.0,4999371.5
123,123,0,4999371.5,0.0
124,124,0,0.0,0.0
125,125,0,0.0,0.0
126,126,9996681,4999439.5,4997241.5
127,127,0,4997241.5,0.0
128,128,0,0.0,0.0
129,129,0,0.0,0.0
130,130,0,0.0,0.0
131,131,0,0.0,0.0
132,132,0,0.0,0.0
133,133,0,0.0,0.0
134,134,0,0.0,0.0
135,135,0,0.0,0.0
136,136,0,0.0,0.0
137,137,0,0.0,0.0
138,138,0,0.0,0.0
139,139,0,0.0,0.0
140,140,9993983,0.0,0.0
141,141,0,0.0,0.0
142,142,0,0.0,0.0
143,143,0,0.0,0.0
144,144,0,0.0,0.0
145,145,0,0.0,0.0
146,146,0,0.0,0.0
147,147,0,0.0,0.0
148,148,0,0.0,0.0
149,149,10003980,0.0,0.0
150,150,0,0.0,0.0
151,151,0,0.0,0.0
152,152,0,0.0,0.0
153,153,0,0.0,0.0
154,154,9997239,0.0,0.0
155,155,9996489,0.0,4997773.5
156,156,0,0.0,4997773.5
157,157,9999143,0.0,14996916.5
158,158,0,0.0,14996916.5
159,159,9997224,0.0,24994140.5
160,160,0,0.0,24994140.5
161,161,0,9993983.0,15000157.5
162,162,0,0.0,15000157.5
163,163,0,0.0,15000157.5
164,164,0,0.0,15000157.5
165,165,0,0.0,15000157.5
166,166,0,0.0,15000157.5
167,167,0,0.0,15000157.5
168,168,0,0.0,15000157.5
169,169,0,0.0,15000157.5
170,170,0,10003980.0,4996177.5
171,171,9999777,0.0,14995954.5
172,172,0,0.0,14995954.5
173,173,0,0.0,14995954.5
174,174,0,0.0,14995954.5
175,175,0,9997239.0,4998715.5
176,176,0,4998715.5,0.0
177,177,0,0.0,0.0
178,178,0,0.0,0.0
179,179,0,0.0,0.0
180,180,0,0.0,0.0
