,giorno,ndosi,second_doses,stock_values
1,1,0,0.0,0.0
2,2,0,0.0,0.0
3,3,0,0.0,0.0
4,4,0,0.0,0.0
5,5,9997379,0.0,4991109.5
6,6,0,0.0,4991109.5
7,7,0,0.0,4991109.5
8,8,0,0.0,4991109.5
9,9,0,0.0,4991109.5
10,10,0,0.0,4991109.5
11,11,0,0.0,4991109.5
12,12,0,0.0,4991109.5
13,13,9998445,0.0,14989554.5
14,14,0,0.0,14989554.5
15,15,0,0.0,4990831.5
16,16,0,0.0,4990831.5
17,17,0,0.0,0.0
18,18,0,0.0,0.0
19,19,0,0.0,0.0
20,20,10004452,0.0,4993685.5
21,21,0,0.0,0.0
22,22,0,0.0,0.0
23,23,0,0.0,0.0
24,24,0,0.0,0.0
25,25,10002283,0.0,5006269.5
26,26,0,5006269.5,0.0
27,27,0,0.0,0.0
28,28,0,0.0,0.0
29,29,0,0.0,0.0
30,30,0,0.0,0.0
31,31,0,0.0,0.0
32,32,0,0.0,0.0
33,33,0,0.0,0.0
34,34,0,0.0,0.0
35,35,0,0.0,0.0
36,36,9998723,9998723.0,0.0
37,37,0,0.0,0.0
38,38,10001598,4990831.5,5010766.5
39,39,0,0.0,5010766.5
40,40,0,0.0,5010766.5
41,41,0,5010766.5,0.0
42,42,10000887,4993685.5,5007201.5
43,43,9998045,0.0,15005246.5
44,44,0,0.0,15005246.5
45,45,0,0.0,15005246.5
46,46,0,4996013.5,10009233.0
47,47,9997450,0.0,10006483.0
48,48,0,0.0,10003365.0
49,49,0,0.0,10003365.0
50,50,0,0.0,10003365.0
51,51,0,0.0,10003365.0
52,52,0,0.0,10003365.0
53,53,0,0.0,10003365.0
54,54,0,0.0,0.0
55,55,0,0.0,0.0
56,56,0,0.0,0.0
57,57,0,0.0,0.0
58,58,0,0.0,0.0
59,59,0,0.0,0.0
60,60,0,0.0,0.0
61,61,0,0.0,0.0
62,62,0,0.0,0.0
63,63,0,0.0,0.0
64,64,0,0.0,0.0
65,65,0,0.0,0.0
66,66,0,0.0,0.0
67,67,0,0.0,0.0
68,68,10000200,10000200.0,0.0
69,69,10003360,3118.0,0.0
70,70,0,0.0,0.0
71,71,0,0.0,0.0
72,72,0,0.0,0.0
73,73,0,0.0,0.0
74,74,0,0.0,0.0
75,75,10003365,10003365.0,0.0
76,76,0,0.0,0.0
77,77,0,0.0,0.0
78,78,0,0.0,0.0
79,79,0,0.0,0.0
80,80,0,0.0,0.0
81,81,0,0.0,0.0
82,82,0,0.0,0.0
83,83,0,0.0,0.0
84,84,0,0.0,0.0
85,85,0,0.0,0.0
86,86,0,0.0,0.0
87,87,0,0.0,0.0
88,88,0,0.0,0.0
89,89,0,0.0,0.0
90,90,10000242,10000242.0,0.0
91,91,0,0.0,0.0
92,92,0,0.0,0.0
93,93,0,0.0,0.0
94,94,0,0.0,0.0
95,95,0,0.0,0.0
96,96,0,0.0,0.0
97,97,0,0.0,0.0
98,98,0,0.0,0.0
99,99,0,0.0,0.0
100,100,0,0.0,0.0
101,101,0,0.0,0.0
102,102,0,0.0,0.0
103,103,0,0.0,0.0
104,104,0,0.0,0.0
105,105,0,0.0,0.0
106,106,0,0.0,0.0
107,107,0,0.0,0.0
108,108,0,0.0,0.0
109,109,0,0.0,0.0
110,110,0,0.0,0.0
111,111,9994189,0.0,0.0
112,112,0,0.0,0.0
113,113,0,0.0,0.0
114,114,0,0.0,0.0
115,115,0,0.0,0.0
116,116,0,0.0,0.0
117,117,0,0.0,0.0
118,118,0,0.0,0.0
119,119,0,0.0,0.0
120,120,0,0.0,0.0
121,121,0,0.0,0.0
122,122,10001175,0.0,0.0
123,123,0,0.0,0.0
124,124,0,0.0,0.0
125,125,0,0.0,0.0
126,126,10003662,0.0,10003662.0
127,127,0,0.0,9993023.5
128,128,9998880,0.0,19991903.5
129,129,0,0.0,19991903.5
130,130,0,0.0,19991903.5
131,131,0,0.0,9996347.5
132,132,10003987,9994189.0,10006145.5
133,133,0,0.0,10006145.5
134,134,0,0.0,10006145.5
135,135,0,0.0,10006145.5
136,136,0,0.0,10006145.5
137,137,0,0.0,10006145.5
138,138,0,0.0,10006145.5
139,139,0,0.0,10006145.5
140,140,0,0.0,5534.5
141,141,10002273,0.0,10007807.5
142,142,0,0.0,10007807.5
143,143,0,10001175.0,6632.5
144,144,0,0.0,6632.5
145,145,0,0.0,6632.5
146,146,0,0.0,0.0
147,147,0,0.0,0.0
148,148,10003787,10638.5,0.0
149,149,0,0.0,0.0
150,150,0,0.0,0.0
151,151,0,0.0,0.0
152,152,10000051,9995556.0,4495.0
153,153,0,0.0,4495.0
154,154,0,0.0,4495.0
155,155,0,0.0,4495.0
156,156,0,0.0,4495.0
157,157,0,0.0,4495.0
158,158,0,0.0,0.0
159,159,9993436,0.0,0.0
160,160,0,0.0,0.0
161,161,10000611,10000611.0,0.0
162,162,0,0.0,0.0
163,163,0,0.0,0.0
164,164,0,0.0,0.0
165,165,0,0.0,0.0
166,166,0,0.0,0.0
167,167,9999781,6632.5,9993148.5
168,168,0,0.0,9993148.5
169,169,0,9993148.5,0.0
170,170,0,0.0,0.0
171,171,0,0.0,0.0
172,172,0,0.0,0.0
173,173,0,0.0,0.0
174,174,0,0.0,0.0
175,175,0,0.0,0.0
176,176,0,0.0,0.0
177,177,0,0.0,0.0
178,178,0,0.0,0.0
179,179,9997931,4495.0,9993436.0
180,180,0,9993436.0,0.0
