,giorno,ndosi,second_doses,stock_values
1,1,9999761,0.0,0.0
2,2,0,0.0,0.0
3,3,9995201,0.0,0.0
4,4,9996201,0.0,0.0
5,5,0,0.0,0.0
6,6,0,0.0,0.0
7,7,0,0.0,0.0
8,8,0,0.0,0.0
9,9,0,0.0,0.0
10,10,0,0.0,0.0
11,11,0,0.0,0.0
12,12,9995374,0.0,0.0
13,13,0,0.0,0.0
14,14,10003171,0.0,0.0
15,15,0,0.0,0.0
16,16,0,0.0,0.0
17,17,0,0.0,0.0
18,18,0,0.0,0.0
19,19,10000695,0.0,9996884.5
20,20,10001993,0.0,19998877.5
21,21,0,0.0,19998877.5
22,22,9996744,9999761.0,19995860.5
23,23,10002305,0.0,29998165.5
24,24,0,9995201.0,20002964.5
25,25,0,9996201.0,10006763.5
26,26,0,0.0,10006763.5
27,27,0,0.0,10006763.5
28,28,0,0.0,10006763.5
29,29,9995592,0.0,20002355.5
30,30,0,0.0,20002355.5
31,31,0,0.0,20002355.5
32,32,0,0.0,20002355.5
33,33,0,9995374.0,10006981.5
34,34,0,0.0,10006981.5
35,35,0,10003171.0,3810.5
36,36,0,0.0,3810.5
37,37,0,0.0,3810.5
38,38,0,0.0,3810.5
39,39,0,0.0,3810.5
40,40,0,3810.5,0.0
41,41,0,0.0,0.0
42,42,0,0.0,0.0
43,43,9996748,0.0,5007942.0
44,44,0,0.0,5007942.0
45,45,0,0.0,0.0
46,46,0,0.0,0.0
47,47,0,0.0,0.0
48,48,0,0.0,0.0
49,49,0,0.0,0.0
50,50,0,0.0,0.0
51,51,0,0.0,0.0
52,52,0,0.0,0.0
53,53,0,0.0,0.0
54,54,0,0.0,0.0
55,55,0,0.0,0.0
56,56,0,0.0,0.0
57,57,10001984,0.0,0.0
58,58,0,0.0,0.0
59,59,0,0.0,0.0
60,60,0,0.0,0.0
61,61,0,0.0,0.0
62,62,0,0.0,0.0
63,63,10003288,0.0,0.0
64,64,9999667,4988806.0,0.0
65,65,0,0.0,0.0
66,66,10001959,5007942.0,4994017.0
67,67,0,0.0,4994017.0
68,68,0,0.0,4994017.0
69,69,0,0.0,4994017.0
70,70,0,0.0,4994017.0
71,71,0,0.0,4994017.0
72,72,0,0.0,4994017.0
73,73,0,0.0,4994017.0
74,74,10006174,0.0,15000191.0
75,75,0,0.0,15000191.0
76,76,10005507,0.0,25005698.0
77,77,0,0.0,15018444.0
78,78,9997689,10001984.0,15014149.0
79,79,0,0.0,15014149.0
80,80,0,0.0,15014149.0
81,81,0,0.0,15014149.0
82,82,0,0.0,15014149.0
83,83,0,0.0,15014149.0
84,84,0,10003288.0,5010861.0
85,85,0,5010861.0,0.0
86,86,0,0.0,0.0
87,87,0,0.0,0.0
88,88,0,0.0,0.0
89,89,0,0.0,0.0
90,90,0,0.0,0.0
91,91,0,0.0,0.0
92,92,0,0.0,0.0
93,93,0,0.0,0.0
94,94,0,0.0,0.0
95,95,0,0.0,0.0
96,96,0,0.0,0.0
97,97,0,0.0,0.0
98,98,9998166,9987254.0,0.0
99,99,0,0.0,0.0
100,100,0,0.0,0.0
101,101,0,0.0,0.0
102,102,0,0.0,0.0
103,103,0,0.0,0.0
104,104,0,0.0,0.0
105,105,0,0.0,0.0
106,106,0,0.0,0.0
107,107,0,0.0,0.0
108,108,0,0.0,0.0
109,109,0,0.0,0.0
110,110,0,0.0,0.0
111,111,0,0.0,0.0
112,112,0,0.0,0.0
113,113,0,0.0,0.0
114,114,10004919,0.0,10004919.0
115,115,0,0.0,10004919.0
116,116,0,0.0,10004919.0
117,117,0,0.0,10004919.0
118,118,0,0.0,10004919.0
119,119,0,10912.0,9994007.0
120,120,0,0.0,9994007.0
121,121,0,0.0,9994007.0
122,122,0,0.0,9994007.0
123,123,0,0.0,9994007.0
124,124,10002409,0.0,19996416.0
125,125,0,0.0,19996416.0
126,126,10002057,0.0,29998473.0
127,127,0,0.0,29998473.0
128,128,0,0.0,29998473.0
129,129,0,0.0,29998473.0
130,130,0,0.0,29998473.0
131,131,0,0.0,29998473.0
132,132,0,0.0,29998473.0
133,133,0,0.0,29998473.0
134,134,0,0.0,29998473.0
135,135,0,0.0,29998473.0
136,136,9997665,0.0,39996138.0
137,137,0,0.0,39996138.0
138,138,0,0.0,39996138.0
139,139,0,0.0,29999388.0
140,140,0,0.0,29999388.0
141,141,0,0.0,19998855.0
142,142,0,0.0,9998431.0
143,143,0,0.0,9998431.0
144,144,0,0.0,9998431.0
145,145,0,0.0,9998431.0
146,146,0,0.0,9998431.0
147,147,0,0.0,9998431.0
148,148,0,0.0,0.0
149,149,0,0.0,0.0
150,150,0,0.0,0.0
151,151,0,0.0,0.0
152,152,0,0.0,0.0
153,153,0,0.0,0.0
154,154,0,0.0,0.0
155,155,0,0.0,0.0
156,156,0,0.0,0.0
157,157,0,0.0,0.0
158,158,0,0.0,0.0
159,159,0,0.0,0.0
160,160,9996750,9996750.0,0.0
161,161,0,0.0,0.0
162,162,10000533,10000533.0,0.0
163,163,10000424,10000424.0,0.0
164,164,0,0.0,0.0
165,165,0,0.0,0.0
166,166,0,0.0,0.0
167,167,0,0.0,0.0
168,168,0,0.0,0.0
169,169,9998431,9998431.0,0.0
170,170,0,0.0,0.0
171,171,0,0.0,0.0
172,172,0,0.0,0.0
173,173,0,0.0,0.0
174,174,0,0.0,0.0
175,175,0,0.0,0.0
176,176,0,0.0,0.0
177,177,0,0.0,0.0
178,178,0,0.0,0.0
179,179,0,0.0,0.0
180,180,0,0.0,0.0
