,giorno,ndosi,second_doses,stock_values
1,1,0,0.0,0.0
2,2,0,0.0,0.0
3,3,0,0.0,0.0
4,4,10000602,0.0,10000602.0
5,5,0,0.0,10000602.0
6,6,0,0.0,1118.0
7,7,0,0.0,1118.0
8,8,0,0.0,1118.0
9,9,0,0.0,1118.0
10,10,0,0.0,1118.0
11,11,0,0.0,1118.0
12,12,0,0.0,1118.0
13,13,0,0.0,0.0
14,14,0,0.0,0.0
15,15,0,0.0,0.0
16,16,10000303,0.0,0.0
17,17,0,0.0,0.0
18,18,0,0.0,0.0
19,19,0,0.0,0.0
20,20,0,0.0,0.0
21,21,0,0.0,0.0
22,22,0,0.0,0.0
23,23,0,0.0,0.0
24,24,0,0.0,0.0
25,25,0,0.0,0.0
26,26,0,0.0,0.0
27,27,9999484,9999484.0,0.0
28,28,0,0.0,0.0
29,29,0,0.0,0.0
30,30,0,0.0,0.0
31,31,0,0.0,0.0
32,32,0,0.0,0.0
33,33,0,0.0,0.0
34,34,10001512,1118.0,10000394.0
35,35,0,0.0,10000394.0
36,36,0,0.0,10000394.0
37,37,9997666,10000303.0,9997757.0
38,38,0,0.0,0.0
39,39,0,0.0,0.0
40,40,0,0.0,0.0
41,41,0,0.0,0.0
42,42,0,0.0,0.0
43,43,0,0.0,0.0
44,44,0,0.0,0.0
45,45,0,0.0,0.0
46,46,0,0.0,0.0
47,47,0,0.0,0.0
48,48,10004909,0.0,9994661.0
49,49,0,0.0,9994661.0
50,50,0,0.0,0.0
51,51,0,0.0,0.0
52,52,0,0.0,0.0
53,53,0,0.0,0.0
54,54,0,0.0,0.0
55,55,0,0.0,0.0
56,56,0,0.0,0.0
57,57,0,0.0,0.0
58,58,0,0.0,0.0
59,59,9999054,9997757.0,0.0
60,60,0,0.0,0.0
61,61,0,0.0,0.0
62,62,0,0.0,0.0
63,63,0,0.0,0.0
64,64,9999907,0.0,0.0
65,65,0,0.0,0.0
66,66,0,0.0,0.0
67,67,0,0.0,0.0
68,68,9999327,0.0,10248.0
69,69,0,10248.0,0.0
70,70,0,0.0,0.0
71,71,9998419,9994661.0,3758.0
72,72,0,0.0,0.0
73,73,0,0.0,0.0
74,74,10005659,0.0,7499.0
75,75,9991514,0.0,9999013.0
76,76,0,0.0,9999013.0
77,77,0,0.0,1297.0
78,78,0,0.0,1297.0
79,79,0,0.0,1297.0
80,80,0,1297.0,0.0
81,81,0,0.0,0.0
82,82,0,0.0,0.0
83,83,0,0.0,0.0
84,84,10005467,0.0,10005467.0
85,85,9994243,9999907.0,9999803.0
86,86,0,0.0,9999803.0
87,87,0,0.0,9999803.0
88,88,0,0.0,9999803.0
89,89,0,9989079.0,10724.0
90,90,0,0.0,10724.0
91,91,0,0.0,0.0
92,92,0,0.0,0.0
93,93,10001918,3758.0,9998160.0
94,94,0,0.0,9998160.0
95,95,0,9998160.0,0.0
96,96,0,0.0,0.0
97,97,0,0.0,0.0
98,98,9997716,9997716.0,0.0
99,99,0,0.0,0.0
100,100,0,0.0,0.0
101,101,0,0.0,0.0
102,102,0,0.0,0.0
103,103,0,0.0,0.0
104,104,0,0.0,0.0
105,105,0,0.0,0.0
106,106,0,0.0,0.0
107,107,0,0.0,0.0
108,108,0,0.0,0.0
109,109,10000040,0.0,0.0
110,110,0,0.0,0.0
111,111,0,0.0,0.0
112,112,9996756,10724.0,0.0
113,113,0,0.0,0.0
114,114,0,0.0,0.0
115,115,0,0.0,0.0
116,116,0,0.0,0.0
117,117,0,0.0,0.0
118,118,0,0.0,0.0
119,119,0,0.0,0.0
120,120,0,0.0,0.0
121,121,0,0.0,0.0
122,122,9998452,0.0,9998452.0
123,123,0,0.0,9998452.0
124,124,0,0.0,9998452.0
125,125,0,0.0,9998452.0
126,126,0,0.0,9998452.0
127,127,9995870,0.0,19986072.0
128,128,0,0.0,19986072.0
129,129,0,0.0,19986072.0
130,130,0,10000040.0,9986032.0
131,131,0,0.0,9986032.0
132,132,0,0.0,9986032.0
133,133,0,9986032.0,0.0
134,134,0,0.0,0.0
135,135,0,0.0,0.0
136,136,0,0.0,0.0
137,137,0,0.0,0.0
138,138,0,0.0,0.0
139,139,0,0.0,0.0
140,140,0,0.0,0.0
141,141,0,0.0,0.0
142,142,0,0.0,0.0
143,143,0,0.0,0.0
144,144,0,0.0,0.0
145,145,0,0.0,0.0
146,146,0,0.0,0.0
147,147,0,0.0,0.0
148,148,9993775,8250.0,0.0
149,149,0,0.0,0.0
150,150,0,0.0,0.0
151,151,0,0.0,0.0
152,152,0,0.0,0.0
153,153,0,0.0,0.0
154,154,0,0.0,0.0
155,155,9994099,0.0,0.0
156,156,0,0.0,0.0
157,157,0,0.0,0.0
158,158,9997932,0.0,4987196.5
159,159,0,0.0,4987196.5
160,160,0,0.0,4987196.5
161,161,0,0.0,4987196.5
162,162,9998900,0.0,14986096.5
163,163,0,0.0,14986096.5
164,164,0,0.0,14986096.5
165,165,0,0.0,14986096.5
166,166,0,0.0,14986096.5
167,167,0,0.0,14986096.5
168,168,0,0.0,14986096.5
169,169,0,9985525.0,5000571.5
170,170,0,0.0,5000571.5
171,171,0,0.0,5000571.5
172,172,0,0.0,5000571.5
173,173,0,0.0,5000571.5
174,174,10004263,0.0,15004834.5
175,175,0,0.0,15004834.5
176,176,0,9994099.0,5010735.5
177,177,0,0.0,5010735.5
178,178,0,0.0,5010735.5
179,179,0,5010735.5,0.0
180,180,0,0.0,0.0
