,giorno,ndosi,second_doses,stock_values
1,1,0,0.0,0.0
2,2,0,0.0,0.0
3,3,0,0.0,0.0
4,4,0,0.0,0.0
5,5,0,0.0,0.0
6,6,0,0.0,0.0
7,7,10005962,0.0,0.0
8,8,0,0.0,0.0
9,9,0,0.0,0.0
10,10,0,0.0,0.0
11,11,0,0.0,0.0
12,12,0,0.0,0.0
13,13,0,0.0,0.0
14,14,0,0.0,0.0
15,15,0,0.0,0.0
16,16,0,0.0,0.0
17,17,0,0.0,0.0
18,18,10001314,0.0,10001314.0
19,19,0,0.0,5002854.0
20,20,0,0.0,5002854.0
21,21,0,0.0,5002854.0
22,22,9998564,0.0,15001418.0
23,23,0,0.0,15001418.0
24,24,0,0.0,15001418.0
25,25,0,0.0,15001418.0
26,26,0,0.0,15001418.0
27,27,0,0.0,15001418.0
28,28,0,10005962.0,4995456.0
29,29,0,0.0,4995456.0
30,30,0,0.0,4995456.0
31,31,0,0.0,4995456.0
32,32,0,0.0,4995456.0
33,33,0,0.0,4995456.0
34,34,0,0.0,0.0
35,35,0,0.0,0.0
36,36,9999327,0.0,0.0
37,37,0,0.0,0.0
38,38,0,0.0,0.0
39,39,0,0.0,0.0
40,40,10001721,4998460.0,0.0
41,41,0,0.0,0.0
42,42,0,0.0,0.0
43,43,0,0.0,0.0
44,44,0,0.0,0.0
45,45,0,0.0,0.0
46,46,0,0.0,0.0
47,47,0,0.0,0.0
48,48,0,0.0,0.0
49,49,0,0.0,0.0
50,50,0,0.0,0.0
51,51,0,0.0,0.0
52,52,0,0.0,0.0
53,53,9996609,0.0,0.0
54,54,0,0.0,0.0
55,55,9999589,4995456.0,5004133.0
56,56,0,0.0,5004133.0
57,57,10001417,9999327.0,5006223.0
58,58,0,0.0,5006223.0
59,59,10000821,0.0,15007044.0
60,60,0,0.0,15007044.0
61,61,0,5003261.0,10003783.0
62,62,0,0.0,10003783.0
63,63,9994540,0.0,19998323.0
64,64,0,0.0,19998323.0
65,65,0,0.0,19998323.0
66,66,0,0.0,19998323.0
67,67,0,0.0,19998323.0
68,68,0,0.0,19998323.0
69,69,0,0.0,19998323.0
70,70,0,0.0,9996609.0
71,71,0,0.0,9996609.0
72,72,0,0.0,9996609.0
73,73,0,0.0,9996609.0
74,74,0,9996609.0,0.0
75,75,0,0.0,0.0
76,76,0,0.0,0.0
77,77,0,0.0,0.0
78,78,0,0.0,0.0
79,79,0,0.0,0.0
80,80,0,0.0,0.0
81,81,0,0.0,0.0
82,82,0,0.0,0.0
83,83,0,0.0,0.0
84,84,0,0.0,0.0
85,85,0,0.0,0.0
86,86,0,0.0,0.0
87,87,0,0.0,0.0
88,88,0,0.0,0.0
89,89,0,0.0,0.0
90,90,0,0.0,0.0
91,91,10001714,10001714.0,0.0
92,92,0,0.0,0.0
93,93,10002241,0.0,10002241.0
94,94,0,0.0,10002241.0
95,95,0,0.0,10002241.0
96,96,0,0.0,10002241.0
97,97,0,0.0,1610.0
98,98,10003218,0.0,10004828.0
99,99,0,0.0,10004828.0
100,100,0,0.0,10004828.0
101,101,9999534,0.0,10004356.0
102,102,0,0.0,10004356.0
103,103,0,0.0,10004356.0
104,104,0,0.0,10004356.0
105,105,0,0.0,10004356.0
106,106,0,0.0,10004356.0
107,107,0,0.0,4994392.5
108,108,0,0.0,4994392.5
109,109,0,0.0,0.0
110,110,0,0.0,0.0
111,111,0,0.0,0.0
112,112,0,0.0,0.0
113,113,0,0.0,0.0
114,114,0,0.0,0.0
115,115,0,0.0,0.0
116,116,0,0.0,0.0
117,117,0,0.0,0.0
118,118,10000631,10000631.0,0.0
119,119,0,0.0,0.0
120,120,0,0.0,0.0
121,121,0,0.0,0.0
122,122,10000006,10000006.0,0.0
123,123,0,0.0,0.0
124,124,0,0.0,0.0
125,125,0,0.0,0.0
126,126,0,0.0,0.0
127,127,0,0.0,0.0
128,128,9998839,5009963.5,0.0
129,129,0,0.0,0.0
130,130,9994533,4994392.5,5000140.5
131,131,0,0.0,4996722.5
132,132,9999377,0.0,14996099.5
133,133,0,0.0,14989681.5
134,134,0,0.0,14989681.5
135,135,0,0.0,14989681.5
136,136,0,0.0,14989681.5
137,137,0,0.0,14989681.5
138,138,0,0.0,14989681.5
139,139,0,0.0,14989681.5
140,140,9995924,0.0,14989251.5
141,141,0,0.0,4987513.5
142,142,0,0.0,4987513.5
143,143,0,0.0,4987513.5
144,144,0,0.0,4987513.5
145,145,0,0.0,4987513.5
146,146,10000810,0.0,14988323.5
147,147,0,0.0,4988875.5
148,148,0,0.0,4988875.5
149,149,0,4988875.5,0.0
150,150,0,0.0,0.0
151,151,0,0.0,0.0
152,152,10000261,3418.0,0.0
153,153,0,0.0,0.0
154,154,9999010,6418.0,9992592.0
155,155,0,0.0,0.0
156,156,9999071,0.0,9995722.0
157,157,0,0.0,0.0
158,158,0,0.0,0.0
159,159,0,0.0,0.0
160,160,0,0.0,0.0
161,161,9996354,9996354.0,0.0
162,162,10001738,10001738.0,0.0
163,163,0,0.0,0.0
164,164,0,0.0,0.0
165,165,0,0.0,0.0
166,166,0,0.0,0.0
167,167,0,0.0,0.0
168,168,9999448,9999448.0,0.0
169,169,0,0.0,0.0
170,170,0,0.0,0.0
171,171,0,0.0,0.0
172,172,0,0.0,0.0
173,173,9996843,9996843.0,0.0
174,174,0,0.0,0.0
175,175,0,0.0,0.0
176,176,9995941,9992592.0,3349.0
177,177,0,3349.0,0.0
178,178,9995722,9995722.0,0.0
179,179,0,0.0,0.0
180,180,0,0.0,0.0
