,giorno,ndosi,second_doses,stock_values
1,1,0,0.0,0.0
2,2,0,0.0,0.0
3,3,0,0.0,0.0
4,4,0,0.0,0.0
5,5,0,0.0,0.0
6,6,0,0.0,0.0
7,7,0,0.0,0.0
8,8,0,0.0,0.0
9,9,10000961,0.0,0.0
10,10,0,0.0,0.0
11,11,0,0.0,0.0
12,12,10000535,0.0,0.0
13,13,9996671,0.0,4989790.5
14,14,0,0.0,4989790.5
15,15,0,0.0,4989790.5
16,16,0,0.0,4989790.5
17,17,0,0.0,4989790.5
18,18,0,0.0,4989790.5
19,19,0,0.0,4989790.5
20,20,0,0.0,0.0
21,21,0,0.0,0.0
22,22,10007427,0.0,4998087.5
23,23,10003162,0.0,15001249.5
24,24,0,0.0,15001249.5
25,25,0,0.0,15001249.5
26,26,0,0.0,15001249.5
27,27,10007127,0.0,25008376.5
28,28,0,0.0,25008376.5
29,29,0,0.0,25008376.5
30,30,0,10000961.0,15007415.5
31,31,0,0.0,15007415.5
32,32,0,0.0,15007415.5
33,33,0,10000535.0,5006880.5
34,34,0,5006880.5,0.0
35,35,0,0.0,0.0
36,36,0,0.0,0.0
37,37,0,0.0,0.0
38,38,0,0.0,0.0
39,39,0,0.0,0.0
40,40,0,0.0,0.0
41,41,9999130,4989790.5,5009339.5
42,42,0,0.0,5009339.5
43,43,0,5009339.5,0.0
44,44,0,0.0,0.0
45,45,0,0.0,0.0
46,46,0,0.0,0.0
47,47,0,0.0,0.0
48,48,0,0.0,0.0
49,49,0,0.0,0.0
50,50,0,0.0,0.0
51,51,0,0.0,0.0
52,52,0,0.0,0.0
53,53,0,0.0,0.0
54,54,0,0.0,0.0
55,55,9998017,0.0,9996961.0
56,56,0,0.0,3922.0
57,57,0,0.0,3922.0
58,58,0,0.0,3922.0
59,59,0,0.0,3922.0
60,60,9995561,0.0,0.0
61,61,0,0.0,0.0
62,62,0,0.0,0.0
63,63,0,0.0,0.0
64,64,0,0.0,0.0
65,65,0,0.0,0.0
66,66,0,0.0,0.0
67,67,9999920,0.0,9999920.0
68,68,0,0.0,9999920.0
69,69,0,0.0,9999920.0
70,70,0,0.0,9999920.0
71,71,0,0.0,9999920.0
72,72,0,0.0,9999920.0
73,73,0,0.0,9999920.0
74,74,0,0.0,5535.0
75,75,9994364,0.0,1056.0
76,76,0,1056.0,0.0
77,77,10000429,9993039.0,0.0
78,78,0,0.0,0.0
79,79,0,0.0,0.0
80,80,0,0.0,0.0
81,81,9999483,9999483.0,0.0
82,82,0,0.0,0.0
83,83,0,0.0,0.0
84,84,0,0.0,0.0
85,85,0,0.0,0.0
86,86,0,0.0,0.0
87,87,0,0.0,0.0
88,88,0,0.0,0.0
89,89,0,0.0,0.0
90,90,9999068,0.0,0.0
91,91,0,0.0,0.0
92,92,0,0.0,0.0
93,93,0,0.0,0.0
94,94,10000979,0.0,0.0
95,95,9997905,9994385.0,0.0
96,96,9998843,9998843.0,0.0
97,97,0,0.0,0.0
98,98,9997530,7390.0,9990140.0
99,99,9993368,0.0,19983508.0
100,100,0,0.0,19983508.0
101,101,0,0.0,19983508.0
102,102,0,0.0,9981886.0
103,103,0,0.0,9981886.0
104,104,0,0.0,0.0
105,105,0,0.0,0.0
106,106,0,0.0,0.0
107,107,0,0.0,0.0
108,108,0,0.0,0.0
109,109,10005195,0.0,9988570.0
110,110,10002870,0.0,19991440.0
111,111,0,9999068.0,9992372.0
112,112,9997604,0.0,19989976.0
113,113,0,0.0,10004499.0
114,114,0,0.0,10004499.0
115,115,0,10000979.0,3520.0
116,116,0,3520.0,0.0
117,117,0,0.0,0.0
118,118,0,0.0,0.0
119,119,0,0.0,0.0
120,120,0,0.0,0.0
121,121,0,0.0,0.0
122,122,0,0.0,0.0
123,123,10001622,10001622.0,0.0
124,124,0,0.0,0.0
125,125,9998511,9981886.0,16625.0
126,126,0,0.0,16625.0
127,127,0,0.0,16625.0
128,128,0,0.0,16625.0
129,129,0,0.0,16625.0
130,130,0,16625.0,0.0
131,131,0,0.0,0.0
132,132,0,0.0,0.0
133,133,0,0.0,0.0
134,134,9992254,9985477.0,6777.0
135,135,0,0.0,6777.0
136,136,0,0.0,6777.0
137,137,0,0.0,6777.0
138,138,0,0.0,6777.0
139,139,9998151,0.0,10004928.0
140,140,0,0.0,10004928.0
141,141,0,0.0,2589.0
142,142,0,0.0,2589.0
143,143,0,0.0,2589.0
144,144,9996453,0.0,0.0
145,145,0,0.0,0.0
146,146,0,0.0,0.0
147,147,0,0.0,0.0
148,148,0,0.0,0.0
149,149,10001219,0.0,0.0
150,150,0,0.0,0.0
151,151,0,0.0,0.0
152,152,0,0.0,0.0
153,153,10000365,0.0,5217.0
154,154,0,0.0,5217.0
155,155,9996271,0.0,0.0
156,156,0,0.0,0.0
157,157,0,0.0,0.0
158,158,0,0.0,0.0
159,159,0,0.0,0.0
160,160,0,0.0,0.0
161,161,0,0.0,0.0
162,162,10002339,10002339.0,0.0
163,163,0,0.0,0.0
164,164,0,0.0,0.0
165,165,10000783,9999042.0,1741.0
166,166,0,0.0,1741.0
167,167,0,0.0,1741.0
168,168,9994093,0.0,9995834.0
169,169,10000533,0.0,19996367.0
170,170,0,10001219.0,9995148.0
171,171,0,0.0,9995148.0
172,172,0,0.0,9995148.0
173,173,0,0.0,9995148.0
174,174,0,9995148.0,0.0
175,175,0,0.0,0.0
176,176,10001488,10001488.0,0.0
177,177,0,0.0,0.0
178,178,0,0.0,0.0
179,179,0,0.0,0.0
180,180,0,0.0,0.0
